,工商银行,招商银行,中国平安,贵州茅台,宁德时代,比亚迪,中国石油,紫金矿业,企业债指数,国债ETF,十年国债ETF,短债ETF,五年地债ETF,活跃国债ETF,沪深300ETF,中证500ETF,创业板ETF,上证50ETF,银行ETF,证券ETF,医药ETF,红利ETF,黄金ETF,能源化工ETF,豆粕ETF,十年国债期货,五年国债期货,沪深300股指期货,中证500股指期货,上证50股指期货
工商银行,0.0,0.9614552551362839,1.1805402448876654,1.269751935317573,1.403771796630595,1.4656293173859287,1.0888865645837604,1.2711275261403303,1.3561014980232136,1.416972021550964,1.3861327316267238,1.4075340027848053,1.4232266692591482,1.3669624809735648,1.2848471609088261,1.4784050959407649,1.4590038098591098,1.117512115986861,0.7014443570886713,1.429142617614457,1.473484571554181,0.9482434628000789,1.3827255572834645,1.3500178628114226,1.3745408521722555,1.3904532930905011,1.3824827545386427,1.2886901141330056,1.4776069056599594,1.1363091903524103
招商银行,0.9614552551362839,0.0,0.6706144724185391,0.9332922128451088,1.0299327300075873,1.0966890256395567,1.0956204490478665,1.1541643715064587,1.3269940182961986,1.5435860800699044,1.5192904071681832,1.5351465131944835,1.5314046039067437,1.4772829537499368,0.8530271715526315,1.127824526654693,1.0424878557192845,0.7146397482704314,0.5491131616487553,1.0736481359060883,1.0679706621265628,0.9243007994223603,1.3462608241909124,1.1854617696064782,1.3851246155710668,1.5229533196507838,1.511284094610441,0.8689437469593125,1.1563914317104622,0.7745459197748905
中国平安,1.1805402448876654,0.6706144724185391,0.0,0.8109159979854592,0.8798381288707927,0.9528467701550262,1.1633431882053031,1.1775847297375954,1.3170106853706032,1.5752809779185206,1.5528336771133777,1.5788197873224528,1.5497714083566705,1.5109383437085702,0.6267431246930799,0.9039872738415099,0.7953603591757235,0.5396023134910924,0.8117314069774989,0.8090588547703885,0.8371142397306206,0.9492518681220171,1.4255521230075552,1.108897041107707,1.314478189579045,1.5507663703964012,1.5187502676394522,0.6431513520219133,0.9343250979991048,0.6064084023463103
贵州茅台,1.269751935317573,0.9332922128451088,0.8109159979854592,0.0,0.9668308161907473,1.025037016242404,1.2402193542363291,1.2127210009810865,1.4305539089632529,1.5702222388931413,1.5878356566464524,1.621851516817771,1.5623949102027002,1.5781225618768826,0.7079459486223956,0.925251086479426,0.9090793281492293,0.6056604554391345,1.0366617220008614,0.9480103478103628,0.8588180888647925,1.0343125770062245,1.4561064611517844,1.0714491006261742,1.2659836350494467,1.5700128969358675,1.527236339930036,0.6877590492221014,0.9505926418216029,0.6024006664627645
宁德时代,1.403771796630595,1.0299327300075873,0.8798381288707927,0.9668308161907473,0.0,0.8388026418460556,1.2925051636126788,1.314324780975051,1.295857196263656,1.5971823052499985,1.5632712938091728,1.568427525788128,1.5141955617477745,1.5143579320947667,0.7315458968003578,0.906403148159623,0.6066583672034819,0.8524994108227391,1.1357759031404009,0.9192226000294634,0.7808760381030185,1.2000840157646042,1.4526737606659146,1.179467039264779,1.387643445719764,1.5713593728779007,1.5668201763123883,0.7715542856293383,0.9445888060074358,0.8981720964162228
比亚迪,1.4656293173859287,1.0966890256395567,0.9528467701550262,1.025037016242404,0.8388026418460556,0.0,1.3191621217240985,1.2389183588221684,1.3066415440503543,1.5786162777171757,1.5584237513522767,1.5400811558103833,1.4978234112407163,1.5491389248393175,0.832112486533786,0.8987024016357864,0.8014813653389565,0.9326127420787658,1.2377836403789677,0.9946062004623178,0.8694206090966081,1.2413677350167631,1.4247471696245708,1.2090417311361463,1.3552382705328219,1.581015320720187,1.5606115477905744,0.8403879557958575,0.9102679719812754,0.9375012448816213
中国石油,1.0888865645837604,1.0956204490478665,1.1633431882053031,1.2402193542363291,1.2925051636126788,1.3191621217240985,0.0,0.9057161140661507,1.3334996809799986,1.4906134187361986,1.452522871646398,1.4577588233852625,1.4543605415167604,1.4476740491269973,1.101580968807589,1.2354487674195287,1.2395193877991786,1.0189043840974477,1.0158308292848173,1.3108972137789372,1.2834124417730708,0.8013541226169659,1.2175073248768689,1.1231728653877537,1.3985960569462528,1.4525877895727515,1.4158089680855592,1.116428447735357,1.2583283705586532,1.039372285600157
紫金矿业,1.2711275261403303,1.1541643715064587,1.1775847297375954,1.2127210009810865,1.314324780975051,1.2389183588221684,0.9057161140661507,0.0,1.400948175593249,1.5207959653807421,1.4842682837710428,1.4793701683808633,1.5073837363080465,1.4782300096493592,1.067742715675677,1.1388759598352203,1.2154245482507209,1.0212052761947163,1.1439317469814207,1.2305557887165572,1.2583478103148111,0.9804432463565113,0.990803848584573,1.153716624901868,1.3667852948723174,1.5051206768182024,1.4655459926667322,1.0676915617409344,1.1579342004005746,1.0343582942844098
企业债指数,1.3561014980232136,1.3269940182961986,1.3170106853706032,1.4305539089632529,1.295857196263656,1.3066415440503543,1.3334996809799986,1.400948175593249,0.0,1.4774604128162496,1.4218639736143668,1.4265931460920325,1.4558694616364065,1.4099064035953763,1.3449855092903658,1.4066528002896892,1.3155580726397746,1.362414513185485,1.30683633487022,1.4171839609983314,1.3262934173971253,1.3579380277723998,1.473604171501932,1.38855645160799,1.4308142512656292,1.420066315406575,1.4639636917218748,1.3597409482822964,1.4158143153639262,1.3768694756236042
国债ETF,1.416972021550964,1.5435860800699044,1.5752809779185206,1.5702222388931413,1.5971823052499985,1.5786162777171757,1.4906134187361986,1.5207959653807421,1.4774604128162496,0.0,0.5387021971868261,0.7312600868745623,0.8330246285800853,0.7049891654551285,1.6549462572397964,1.6490583001939372,1.6537937778372886,1.6387773859877057,1.5293584593137761,1.6235328131779345,1.647394784419438,1.5322508407801068,1.4312080653521735,1.599886988232047,1.4271259816337187,0.6231556586294767,0.6447626646604526,1.6546670611086802,1.6511326667859856,1.6358836117086994
十年国债ETF,1.3861327316267238,1.5192904071681832,1.5528336771133777,1.5878356566464524,1.5632712938091728,1.5584237513522767,1.452522871646398,1.4842682837710428,1.4218639736143668,0.5387021971868261,0.0,0.6870774999731133,0.8548826273273729,0.6362378111590332,1.6399673480015944,1.6425982890695499,1.623474511641973,1.6217728922299854,1.4936887168704107,1.6156554496860325,1.6265399652429542,1.5014827179872037,1.4177722956799914,1.5612871093448453,1.4365341346452394,0.5551138191522319,0.7076760211576976,1.644599333032976,1.6462613535164456,1.6321557586306414
短债ETF,1.4075340027848053,1.5351465131944835,1.5788197873224528,1.621851516817771,1.568427525788128,1.5400811558103833,1.4577588233852625,1.4793701683808633,1.4265931460920325,0.7312600868745623,0.6870774999731133,0.0,0.5344626066741096,0.8417119192340599,1.6611200709766831,1.657789678012265,1.6501541257659726,1.6492848024388638,1.5200254037260403,1.6542756178761653,1.6636723602772518,1.5083585249605116,1.4555067839045326,1.5662850859714341,1.4328414024851812,0.765821073114315,0.8307778217670928,1.6636616667065762,1.6603492973885046,1.647130890017596
五年地债ETF,1.4232266692591482,1.5314046039067437,1.5497714083566705,1.5623949102027002,1.5141955617477745,1.4978234112407163,1.4543605415167604,1.5073837363080465,1.4558694616364065,0.8330246285800853,0.8548826273273729,0.5344626066741096,0.0,0.941883239412163,1.606882879399193,1.5951933217901,1.580976542949631,1.6085631114049324,1.531195575683632,1.5892630196169084,1.5821161069326442,1.510537455729282,1.5034457316742862,1.5489185950482087,1.446593019758351,0.872197680525539,0.9023709141951973,1.6128277266213784,1.5981212735544543,1.6079505015902806
活跃国债ETF,1.3669624809735648,1.4772829537499368,1.5109383437085702,1.5781225618768826,1.5143579320947667,1.5491389248393175,1.4476740491269973,1.4782300096493592,1.4099064035953763,0.7049891654551285,0.6362378111590332,0.8417119192340599,0.941883239412163,0.0,1.5994544440550134,1.6205255077207323,1.577361093421784,1.5900576115857368,1.4611362481921224,1.5695971815190786,1.6015312682339653,1.5112430466252889,1.4233630542057665,1.554274432753745,1.4613363897412976,0.7757922739456169,0.8358840983085281,1.6068814038219883,1.6244832328404195,1.6018679336355794
沪深300ETF,1.2848471609088261,0.8530271715526315,0.6267431246930799,0.7079459486223956,0.7315458968003578,0.832112486533786,1.101580968807589,1.067742715675677,1.3449855092903658,1.6549462572397964,1.6399673480015944,1.6611200709766831,1.606882879399193,1.5994544440550134,0.0,0.5154290103501619,0.4474407944959058,0.3684083711949709,0.9190484347361946,0.6189556924133821,0.5558527514785159,0.8849569332650814,1.3862975933504396,1.0415603605743027,1.304995593527686,1.6461462012632437,1.6060805561330878,0.17721749166030393,0.5705099828100633,0.3879698515334005
中证500ETF,1.4784050959407649,1.127824526654693,0.9039872738415099,0.925251086479426,0.906403148159623,0.8987024016357864,1.2354487674195287,1.1388759598352203,1.4066528002896892,1.6490583001939372,1.6425982890695499,1.657789678012265,1.5951933217901,1.6205255077207323,0.5154290103501619,0.0,0.5030453178724382,0.7358144797387761,1.1978310531465761,0.6250553691426949,0.5837460488056113,1.046027255364174,1.382087588890648,1.0926881839284206,1.3229195512028398,1.652449607474604,1.60858578170398,0.5100231788421464,0.17529088277711352,0.7157660751012468
创业板ETF,1.4590038098591098,1.0424878557192845,0.7953603591757235,0.9090793281492293,0.6066583672034819,0.8014813653389565,1.2395193877991786,1.2154245482507209,1.3155580726397746,1.6537937778372886,1.623474511641973,1.6501541257659726,1.580976542949631,1.577361093421784,0.4474407944959058,0.5030453178724382,0.0,0.7076825258790916,1.1529757308783175,0.5921164948130653,0.45087048193271123,1.1119414202746896,1.4169405697135535,1.0978339576041136,1.3552817040370249,1.6320123869505727,1.6118551433275667,0.5073767816362701,0.5748406144949864,0.7491011335465473
上证50ETF,1.117512115986861,0.7146397482704314,0.5396023134910924,0.6056604554391345,0.8524994108227391,0.9326127420787658,1.0189043840974477,1.0212052761947163,1.362414513185485,1.6387773859877057,1.6217728922299854,1.6492848024388638,1.6085631114049324,1.5900576115857368,0.3684083711949709,0.7358144797387761,0.7076825258790916,0.0,0.7617696538385308,0.7703520179316141,0.7246167627981944,0.7741031153409329,1.375523778199389,1.0376692562184733,1.293504483553527,1.6254072411693576,1.5795376867598512,0.3589939810818041,0.7666171010136381,0.2384974212178209
银行ETF,0.7014443570886713,0.5491131616487553,0.8117314069774989,1.0366617220008614,1.1357759031404009,1.2377836403789677,1.0158308292848173,1.1439317469814207,1.30683633487022,1.5293584593137761,1.4936887168704107,1.5200254037260403,1.531195575683632,1.4611362481921224,0.9190484347361946,1.1978310531465761,1.1529757308783175,0.7617696538385308,0.0,1.176674529045258,1.1770577672264437,0.7598093641665492,1.3398053545527784,1.23242719219811,1.4040166048872822,1.5200492286486122,1.4985322126735467,0.9325321626682385,1.212886248707906,0.8046697317215524
证券ETF,1.429142617614457,1.0736481359060883,0.8090588547703885,0.9480103478103628,0.9192226000294634,0.9946062004623178,1.3108972137789372,1.2305557887165572,1.4171839609983314,1.6235328131779345,1.6156554496860325,1.6542756178761653,1.5892630196169084,1.5695971815190786,0.6189556924133821,0.6250553691426949,0.5921164948130653,0.7703520179316141,1.176674529045258,0.0,0.7101599750668015,1.1564090859162504,1.4535322512741706,1.0864399818154935,1.3254658970167381,1.614174460268774,1.5813263258484318,0.6305449550652646,0.6377559127664716,0.793284219927473
医药ETF,1.473484571554181,1.0679706621265628,0.8371142397306206,0.8588180888647925,0.7808760381030185,0.8694206090966081,1.2834124417730708,1.2583478103148111,1.3262934173971253,1.647394784419438,1.6265399652429542,1.6636723602772518,1.5821161069326442,1.6015312682339653,0.5558527514785159,0.5837460488056113,0.45087048193271123,0.7246167627981944,1.1770577672264437,0.7101599750668015,0.0,1.1167772715366595,1.4655777764422604,1.1289670688961302,1.3253909699299835,1.6236673156539025,1.5967443090204887,0.589934993046505,0.6388466814449038,0.7591728220022398
红利ETF,0.9482434628000789,0.9243007994223603,0.9492518681220171,1.0343125770062245,1.2000840157646042,1.2413677350167631,0.8013541226169659,0.9804432463565113,1.3579380277723998,1.5322508407801068,1.5014827179872037,1.5083585249605116,1.510537455729282,1.5112430466252889,0.8849569332650814,1.046027255364174,1.1119414202746896,0.7741031153409329,0.7598093641665492,1.1564090859162504,1.1167772715366595,0.0,1.2893866361047424,1.1677269996675161,1.3230126518156726,1.5138449696661043,1.4680289520005714,0.8920953997281025,1.0702974918715709,0.7918959001815151
黄金ETF,1.3827255572834645,1.3462608241909124,1.4255521230075552,1.4561064611517844,1.4526737606659146,1.4247471696245708,1.2175073248768689,0.990803848584573,1.473604171501932,1.4312080653521735,1.4177722956799914,1.4555067839045326,1.5034457316742862,1.4233630542057665,1.3862975933504396,1.382087588890648,1.4169405697135535,1.375523778199389,1.3398053545527784,1.4535322512741706,1.4655777764422604,1.2893866361047424,0.0,1.3343777570031836,1.4012871664197128,1.4440139725887018,1.4318898639164135,1.3942607269963931,1.3978208318728074,1.3823864045104999
能源化工ETF,1.3500178628114226,1.1854617696064782,1.108897041107707,1.0714491006261742,1.179467039264779,1.2090417311361463,1.1231728653877537,1.153716624901868,1.38855645160799,1.599886988232047,1.5612871093448453,1.5662850859714341,1.5489185950482087,1.554274432753745,1.0415603605743027,1.0926881839284206,1.0978339576041136,1.0376692562184733,1.23242719219811,1.0864399818154935,1.1289670688961302,1.1677269996675161,1.3343777570031836,0.0,1.2926582836965446,1.5746230426432286,1.5421967919717607,1.0432247815949298,1.1107869520220666,1.0422857865354194
豆粕ETF,1.3745408521722555,1.3851246155710668,1.314478189579045,1.2659836350494467,1.387643445719764,1.3552382705328219,1.3985960569462528,1.3667852948723174,1.4308142512656292,1.4271259816337187,1.4365341346452394,1.4328414024851812,1.446593019758351,1.4613363897412976,1.304995593527686,1.3229195512028398,1.3552817040370249,1.293504483553527,1.4040166048872822,1.3254658970167381,1.3253909699299835,1.3230126518156726,1.4012871664197128,1.2926582836965446,0.0,1.4294335922268826,1.4111583733542539,1.293191218636325,1.3260606309532041,1.272522371380177
十年国债期货,1.3904532930905011,1.5229533196507838,1.5507663703964012,1.5700128969358675,1.5713593728779007,1.581015320720187,1.4525877895727515,1.5051206768182024,1.420066315406575,0.6231556586294767,0.5551138191522319,0.765821073114315,0.872197680525539,0.7757922739456169,1.6461462012632437,1.652449607474604,1.6320123869505727,1.6254072411693576,1.5200492286486122,1.614174460268774,1.6236673156539025,1.5138449696661043,1.4440139725887018,1.5746230426432286,1.4294335922268826,0.0,0.3862991583128131,1.6537672517784658,1.6527390732072516,1.6299412476429902
五年国债期货,1.3824827545386427,1.511284094610441,1.5187502676394522,1.527236339930036,1.5668201763123883,1.5606115477905744,1.4158089680855592,1.4655459926667322,1.4639636917218748,0.6447626646604526,0.7076760211576976,0.8307778217670928,0.9023709141951973,0.8358840983085281,1.6060805561330878,1.60858578170398,1.6118551433275667,1.5795376867598512,1.4985322126735467,1.5813263258484318,1.5967443090204887,1.4680289520005714,1.4318898639164135,1.5421967919717607,1.4111583733542539,0.3862991583128131,0.0,1.6062630084480574,1.6059071892465493,1.5729389391491166
沪深300股指期货,1.2886901141330056,0.8689437469593125,0.6431513520219133,0.6877590492221014,0.7715542856293383,0.8403879557958575,1.116428447735357,1.0676915617409344,1.3597409482822964,1.6546670611086802,1.644599333032976,1.6636616667065762,1.6128277266213784,1.6068814038219883,0.17721749166030393,0.5100231788421464,0.5073767816362701,0.3589939810818041,0.9325321626682385,0.6305449550652646,0.589934993046505,0.8920953997281025,1.3942607269963931,1.0432247815949298,1.293191218636325,1.6537672517784658,1.6062630084480574,0.0,0.5386055510303028,0.3120101264376645
中证500股指期货,1.4776069056599594,1.1563914317104622,0.9343250979991048,0.9505926418216029,0.9445888060074358,0.9102679719812754,1.2583283705586532,1.1579342004005746,1.4158143153639262,1.6511326667859856,1.6462613535164456,1.6603492973885046,1.5981212735544543,1.6244832328404195,0.5705099828100633,0.17529088277711352,0.5748406144949864,0.7666171010136381,1.212886248707906,0.6377559127664716,0.6388466814449038,1.0702974918715709,1.3978208318728074,1.1107869520220666,1.3260606309532041,1.6527390732072516,1.6059071892465493,0.5386055510303028,0.0,0.7274297783700476
上证50股指期货,1.1363091903524103,0.7745459197748905,0.6064084023463103,0.6024006664627645,0.8981720964162228,0.9375012448816213,1.039372285600157,1.0343582942844098,1.3768694756236042,1.6358836117086994,1.6321557586306414,1.647130890017596,1.6079505015902806,1.6018679336355794,0.3879698515334005,0.7157660751012468,0.7491011335465473,0.2384974212178209,0.8046697317215524,0.793284219927473,0.7591728220022398,0.7918959001815151,1.3823864045104999,1.0422857865354194,1.272522371380177,1.6299412476429902,1.5729389391491166,0.3120101264376645,0.7274297783700476,0.0
