,工商银行,建设银行,农业银行,招商银行,兴业银行,平安银行,中国平安,中信证券,中国人寿,万科A,保利发展,贵州茅台,五粮液,伊利股份,海天味业,恒瑞医药,药明康德,迈瑞医疗,宁德时代,比亚迪,海康威视,立讯精密,中国石油,中国神华,紫金矿业,三一重工,中国中免,美的集团,中国移动,中兴通讯,沪深300指数,中证500指数
工商银行,0.0,0.5063760561609647,0.5545137200847792,0.9640735873379767,0.9638200744622994,1.0254300307433633,1.1676992744196268,1.3617808495525294,1.1819598234956108,1.376858119800871,1.3516441487025435,1.2974235800093412,1.342243920049536,1.298162201558448,1.3705907022649126,1.4320412522248247,1.5265426185954207,1.423843912640496,1.4294030730564309,1.4412551345265197,1.4087560395642202,1.4727052616252465,1.0668678365591218,1.0637373423603351,1.3753935659470322,1.3958003349965098,1.4538729990537707,1.263595555777513,1.1272040472938318,1.4701830655043662,1.299218802500548,1.465993809980959
建设银行,0.5063760561609647,0.0,0.6137557128429865,0.9887864555077093,0.9806159804999176,1.0450532765587592,1.200253391855843,1.3721115886119404,1.190465014278718,1.3777994488774492,1.3567675540277544,1.3323377121811018,1.3498238985304694,1.316886165203119,1.3893374246755117,1.4319013171472643,1.5199431258000027,1.438405171203165,1.4546659994198585,1.4519385415396848,1.3965485781677216,1.4694752323315134,1.0524167489869338,1.0604456336155494,1.3615196171814448,1.3798281909533525,1.4521494974744482,1.25519273769557,1.1121383765695965,1.4325057591459438,1.29388683661252,1.4465990952114531
农业银行,0.5545137200847792,0.6137557128429865,0.0,1.0541657387894958,1.0243887479232352,1.0916051733075467,1.2139117020524972,1.377909031657914,1.1907387424896458,1.4217516060377637,1.3858788017303465,1.343029500715641,1.385108103706583,1.3515308504382124,1.389837123298913,1.4381394934359377,1.526098534757317,1.442655881962834,1.4499285716567285,1.458458583397009,1.4319996204158145,1.4884047502982147,1.053448856071383,1.0777386020068687,1.3592309084849108,1.413795477289873,1.466679594124573,1.274416258649523,1.1673591587564949,1.4502295219505805,1.3229642745953791,1.467823235448009
招商银行,0.9640735873379767,0.9887864555077093,1.0541657387894958,0.0,0.7475378271563398,0.6639084478927489,0.8220226832875249,1.1014126535265447,0.9328311048554562,1.105312295697499,1.105380305948059,1.006674750757273,1.0153089939265432,1.0567691115936295,1.0641037446125448,1.2890616313126093,1.3038464752589671,1.2353458935314914,1.1603316170915123,1.1753931706517577,1.1929684258620705,1.2893276378078455,1.10394174773886,1.1800860427975046,1.2321694773068548,1.1069107520795287,1.1589219790285767,1.0924842248925226,1.2686165512022216,1.3300835166202714,0.9360974997056302,1.1808410189871938
兴业银行,0.9638200744622994,0.9806159804999176,1.0243887479232352,0.7475378271563398,0.0,0.7672627287457143,0.9227863973087803,1.1668103099117486,1.0002187270244813,1.1337881428602234,1.1318798945234059,1.0920042191512385,1.1305383812754306,1.1387976195671443,1.1334090045251985,1.3194599579762478,1.3601098459123417,1.270586390361775,1.2175709424609071,1.2141911101975953,1.2181741076987966,1.311635125268105,1.1308303177196628,1.1725787489505646,1.2838094403974658,1.2020289618535862,1.210709029279066,1.1201120996549405,1.2299367125271319,1.3133128293136591,1.0263231175921312,1.230556631583875
平安银行,1.0254300307433633,1.0450532765587592,1.0916051733075467,0.6639084478927489,0.7672627287457143,0.0,0.7308094772529742,1.0322799428749383,0.8590878520724644,0.9963099185295705,1.0046078101886797,1.007851879408049,0.9623034786227443,1.0172655826368595,1.027892026929512,1.2241088848468973,1.2581070676622041,1.171929629965372,1.138663597882171,1.197206850690838,1.1612407484832676,1.2822050501368618,1.1085761241045953,1.181742983684654,1.2063379738838058,1.0896503844871512,1.0884872673998405,1.0826453765828525,1.2502809079115613,1.2657177190689137,0.8540163824585791,1.07943694447832
中国平安,1.1676992744196268,1.200253391855843,1.2139117020524972,0.8220226832875249,0.9227863973087803,0.7308094772529742,0.0,0.8744495429425535,0.6275753277818469,0.9845305260439874,1.0169546484059089,0.9298162187487994,0.9109955899532438,0.9862545242737953,0.9362260745728502,1.1605467372099705,1.1796652729212316,1.0849998571357347,1.0437636652425228,1.0524638155818673,1.0690953193490265,1.2288544567364517,1.179729121109309,1.2451757174956608,1.1809514188209644,1.0688284273507933,1.0356950911249805,1.0740869664977655,1.2568325686421367,1.2256491868266386,0.7406442390198433,0.9723657204803835
中信证券,1.3617808495525294,1.3721115886119404,1.377909031657914,1.1014126535265447,1.1668103099117486,1.0322799428749383,0.8744495429425535,0.0,0.9226862859155542,1.002231109053651,1.050941573551595,1.0170817047519622,0.9986449379322303,1.041133569306594,0.9803246487013695,1.1537621960927187,1.0951448012986196,1.085430544039883,1.0575358873969805,1.07912886462494,1.0509468877946704,1.1520569149367719,1.3004893130698871,1.3886706003605636,1.2387760935034542,1.1178481330909449,0.996278344692036,1.2100025506689376,1.3663273926450024,1.10984317878738,0.7266552677760246,0.8150019492603134
中国人寿,1.1819598234956108,1.190465014278718,1.1907387424896458,0.9328311048554562,1.0002187270244813,0.8590878520724644,0.6275753277818469,0.9226862859155542,0.0,1.0600750339154628,1.0771705432227485,1.0233441351871775,1.0140538641035253,1.0755918607116255,0.9969773948311229,1.1570985719885165,1.219355429446689,1.1106368604591916,1.0767803302145058,1.1149808907926704,1.0973340710914319,1.2431164307006566,1.195454381679172,1.251197647740418,1.2266408504519943,1.1206971091918443,1.1012654017069095,1.1125726794204944,1.231849324884325,1.185367822074952,0.8258553801295972,1.018170334305577
万科A,1.376858119800871,1.3777994488774492,1.4217516060377637,1.105312295697499,1.1337881428602234,0.9963099185295705,0.9845305260439874,1.002231109053651,1.0600750339154628,0.0,0.5704025078638081,1.059829506676353,0.9887546654857174,1.0751950343787153,1.0276058571694553,1.2115614421913776,1.2011283152824876,1.145386248264392,1.1311113665687127,1.1566174644844813,1.1591663423715253,1.243534299452361,1.3379110860810157,1.3938446975271062,1.2933923087795596,1.0970071602864284,0.9536198842724449,1.2194941208500691,1.3919223474210562,1.2423355948573973,0.9362976336186071,0.981837892652909
保利发展,1.3516441487025435,1.3567675540277544,1.3858788017303465,1.105380305948059,1.1318798945234059,1.0046078101886797,1.0169546484059089,1.050941573551595,1.0771705432227485,0.5704025078638081,0.0,1.0728292343957564,1.006605396659573,1.0509096317405104,1.0329237436342111,1.2283864525391122,1.271332704583622,1.1921986579491146,1.17747756165314,1.199588907195582,1.1720480481839988,1.3026513852338202,1.3194981687101095,1.354974690111345,1.2625673556478494,1.1218256231087855,0.9985109546152513,1.2240234105071888,1.3870964741087013,1.2720436711195209,0.9836357905697772,1.0477556745169427
贵州茅台,1.2974235800093412,1.3323377121811018,1.343029500715641,1.006674750757273,1.0920042191512385,1.007851879408049,0.9298162187487994,1.0170817047519622,1.0233441351871775,1.059829506676353,1.0728292343957564,0.0,0.5676898950488011,0.8268673348203368,0.8503639661852306,1.1274292499696879,1.19637640700964,1.048713366910758,1.019665456848841,1.053033625456584,1.1244314234963537,1.2283407614637518,1.2743268084137134,1.2882698825640693,1.2593002444941326,1.1103639660417568,0.9553220606018848,1.1305190170014237,1.3323045867587215,1.276029780675113,0.8372268896999142,1.056938156302842
五粮液,1.342243920049536,1.3498238985304694,1.385108103706583,1.0153089939265432,1.1305383812754306,0.9623034786227443,0.9109955899532438,0.9986449379322303,1.0140538641035253,0.9887546654857174,1.006605396659573,0.5676898950488011,0.0,0.8253377905925601,0.7849463738189315,1.1041135013633685,1.1558678335477122,1.0245356347888102,1.025477127990632,1.0740692920402999,1.0848612175345613,1.2074239884844844,1.2916403756730286,1.3111947586879613,1.2233157181856433,1.0669141047338428,0.8906373989019079,1.131209036191584,1.3525731324882262,1.2490469319039006,0.7822810796807915,0.9725310648229579
伊利股份,1.298162201558448,1.316886165203119,1.3515308504382124,1.0567691115936295,1.1387976195671443,1.0172655826368595,0.9862545242737953,1.041133569306594,1.0755918607116255,1.0751950343787153,1.0509096317405104,0.8268673348203368,0.8253377905925601,0.0,0.8753317848102806,1.1518734764637388,1.2453814232225364,1.0732178489690065,1.1319668709912598,1.1609142281667986,1.1381773749462607,1.2381145834667766,1.2422416084313894,1.2332897380879106,1.2541742739360866,1.1382469986064094,0.9841427581250104,1.1346435154779801,1.297448043621866,1.2863724798534402,0.888399844718836,1.048823929013584
海天味业,1.3705907022649126,1.3893374246755117,1.389837123298913,1.0641037446125448,1.1334090045251985,1.027892026929512,0.9362260745728502,0.9803246487013695,0.9969773948311229,1.0276058571694553,1.0329237436342111,0.8503639661852306,0.7849463738189315,0.8753317848102806,0.0,1.10004499198622,1.1372748468074332,0.9981663161836293,1.0392682426273783,1.0502178041821748,1.0655882745127478,1.2081493146445175,1.29519755086301,1.3231569214607959,1.2622019732903242,1.0980751164240303,0.8787531486934184,1.1486800658542016,1.3437673907148782,1.2251977876992728,0.8209608743542278,0.9766634600744722
恒瑞医药,1.4320412522248247,1.4319013171472643,1.4381394934359377,1.2890616313126093,1.3194599579762478,1.2241088848468973,1.1605467372099705,1.1537621960927187,1.1570985719885165,1.2115614421913776,1.2283864525391122,1.1274292499696879,1.1041135013633685,1.1518734764637388,1.10004499198622,0.0,0.9985725215036743,0.9937466845813278,1.0667844374773816,1.148325602176704,1.162857182958807,1.2261290326682863,1.360800759081248,1.4132269102191493,1.2897123292048178,1.2101845848692474,1.1166714107981413,1.2657912900056059,1.3947428957448975,1.214605865658193,0.9931601274139029,1.0330042850869887
药明康德,1.5265426185954207,1.5199431258000027,1.526098534757317,1.3038464752589671,1.3601098459123417,1.2581070676622041,1.1796652729212316,1.0951448012986196,1.219355429446689,1.2011283152824876,1.271332704583622,1.19637640700964,1.1558678335477122,1.2453814232225364,1.1372748468074332,0.9985725215036743,0.0,1.0961205062920516,1.0063768306588419,1.088451254782772,1.1305725624929295,1.127355933686085,1.4270903496885214,1.5042748649313855,1.2815903025976079,1.2149645420684696,1.1041161832968207,1.3200734871390924,1.4453096092337068,1.1610086563585313,0.9683252142902912,0.9404416565825029
迈瑞医疗,1.423843912640496,1.438405171203165,1.442655881962834,1.2353458935314914,1.270586390361775,1.171929629965372,1.0849998571357347,1.085430544039883,1.1106368604591916,1.145386248264392,1.1921986579491146,1.048713366910758,1.0245356347888102,1.0732178489690065,0.9981663161836293,0.9937466845813278,1.0961205062920516,0.0,1.06267895533457,1.112353360068781,1.1290520718672707,1.141610674925562,1.3488109736273288,1.3709673460311833,1.270717253560623,1.228043933973374,1.0945006155390382,1.206458878851204,1.3848508699562294,1.2020646397552108,0.9393082752241699,0.9971705412548064
宁德时代,1.4294030730564309,1.4546659994198585,1.4499285716567285,1.1603316170915123,1.2175709424609071,1.138663597882171,1.0437636652425228,1.0575358873969805,1.0767803302145058,1.1311113665687127,1.17747756165314,1.019665456848841,1.025477127990632,1.1319668709912598,1.0392682426273783,1.0667844374773816,1.0063768306588419,1.06267895533457,0.0,0.8780809095433316,1.1037988975910016,1.1088388342573587,1.3494810199159748,1.405970190137987,1.2289620852929473,1.1095403728690398,1.0391016164453448,1.2343122665555244,1.4060072954433238,1.215786314835039,0.8130615098939112,0.9452685396257445
比亚迪,1.4412551345265197,1.4519385415396848,1.458458583397009,1.1753931706517577,1.2141911101975953,1.197206850690838,1.0524638155818673,1.07912886462494,1.1149808907926704,1.1566174644844813,1.199588907195582,1.053033625456584,1.0740692920402999,1.1609142281667986,1.0502178041821748,1.148325602176704,1.088451254782772,1.112353360068781,0.8780809095433316,0.0,1.0845842500432665,1.1113066088969075,1.343697305631128,1.3938691753758627,1.225700888934285,1.1436955038308203,1.0753614758791454,1.2107893384685562,1.4115042618930753,1.1867745212357865,0.8871402274907451,0.9542533660563173
海康威视,1.4087560395642202,1.3965485781677216,1.4319996204158145,1.1929684258620705,1.2181741076987966,1.1612407484832676,1.0690953193490265,1.0509468877946704,1.0973340710914319,1.1591663423715253,1.1720480481839988,1.1244314234963537,1.0848612175345613,1.1381773749462607,1.0655882745127478,1.162857182958807,1.1305725624929295,1.1290520718672707,1.1037988975910016,1.0845842500432665,0.0,1.0856540744750751,1.3410027235625033,1.364977904473557,1.2020315840910134,1.1285755747251986,1.0669932934902446,1.2276352421702372,1.3036808174934442,1.0023379972830253,0.8547850555453302,0.8951274235855475
立讯精密,1.4727052616252465,1.4694752323315134,1.4884047502982147,1.2893276378078455,1.311635125268105,1.2822050501368618,1.2288544567364517,1.1520569149367719,1.2431164307006566,1.243534299452361,1.3026513852338202,1.2283407614637518,1.2074239884844844,1.2381145834667766,1.2081493146445175,1.2261290326682863,1.127355933686085,1.141610674925562,1.1088388342573587,1.1113066088969075,1.0856540744750751,0.0,1.3829787695766955,1.4463264460829002,1.250077441973029,1.203765306180727,1.2288533608267578,1.2779779987031614,1.4358025048390195,1.0745743028446793,0.9756759395583618,0.9716731704697354
中国石油,1.0668678365591218,1.0524167489869338,1.053448856071383,1.10394174773886,1.1308303177196628,1.1085761241045953,1.179729121109309,1.3004893130698871,1.195454381679172,1.3379110860810157,1.3194981687101095,1.2743268084137134,1.2916403756730286,1.2422416084313894,1.29519755086301,1.360800759081248,1.4270903496885214,1.3488109736273288,1.3494810199159748,1.343697305631128,1.3410027235625033,1.3829787695766955,0.0,0.8896404320719398,1.101954381009985,1.2656243883865683,1.3307147597049165,1.1815871977600219,1.083772675909948,1.3396309293546211,1.1575277112824283,1.2717088861459005
中国神华,1.0637373423603351,1.0604456336155494,1.0777386020068687,1.1800860427975046,1.1725787489505646,1.181742983684654,1.2451757174956608,1.3886706003605636,1.251197647740418,1.3938446975271062,1.354974690111345,1.2882698825640693,1.3111947586879613,1.2332897380879106,1.3231569214607959,1.4132269102191493,1.5042748649313855,1.3709673460311833,1.405970190137987,1.3938691753758627,1.364977904473557,1.4463264460829002,0.8896404320719398,0.0,1.1890910206613294,1.2785423737190589,1.3789376037090106,1.1964753070953078,1.154439836029769,1.429326600721058,1.2556829308800108,1.3817626037470951
紫金矿业,1.3753935659470322,1.3615196171814448,1.3592309084849108,1.2321694773068548,1.2838094403974658,1.2063379738838058,1.1809514188209644,1.2387760935034542,1.2266408504519943,1.2933923087795596,1.2625673556478494,1.2593002444941326,1.2233157181856433,1.2541742739360866,1.2622019732903242,1.2897123292048178,1.2815903025976079,1.270717253560623,1.2289620852929473,1.225700888934285,1.2020315840910134,1.250077441973029,1.101954381009985,1.1890910206613294,0.0,1.1373966674019924,1.226658542346046,1.1939689277805337,1.3193937256201718,1.261291593840629,1.0276640367016165,1.1005130159807694
三一重工,1.3958003349965098,1.3798281909533525,1.413795477289873,1.1069107520795287,1.2020289618535862,1.0896503844871512,1.0688284273507933,1.1178481330909449,1.1206971091918443,1.0970071602864284,1.1218256231087855,1.1103639660417568,1.0669141047338428,1.1382469986064094,1.0980751164240303,1.2101845848692474,1.2149645420684696,1.228043933973374,1.1095403728690398,1.1436955038308203,1.1285755747251986,1.203765306180727,1.2656243883865683,1.2785423737190589,1.1373966674019924,0.0,1.0803586884578096,1.1135574059100153,1.312571832231076,1.2096285540771285,0.907132591797253,0.9891366755254114
中国中免,1.4538729990537707,1.4521494974744482,1.466679594124573,1.1589219790285767,1.210709029279066,1.0884872673998405,1.0356950911249805,0.996278344692036,1.1012654017069095,0.9536198842724449,0.9985109546152513,0.9553220606018848,0.8906373989019079,0.9841427581250104,0.8787531486934184,1.1166714107981413,1.1041161832968207,1.0945006155390382,1.0391016164453448,1.0753614758791454,1.0669932934902446,1.2288533608267578,1.3307147597049165,1.3789376037090106,1.226658542346046,1.0803586884578096,0.0,1.204861737203716,1.3840579000725886,1.1843273626882511,0.8271069832289496,0.8877929074845259
美的集团,1.263595555777513,1.25519273769557,1.274416258649523,1.0924842248925226,1.1201120996549405,1.0826453765828525,1.0740869664977655,1.2100025506689376,1.1125726794204944,1.2194941208500691,1.2240234105071888,1.1305190170014237,1.131209036191584,1.1346435154779801,1.1486800658542016,1.2657912900056059,1.3200734871390924,1.206458878851204,1.2343122665555244,1.2107893384685562,1.2276352421702372,1.2779779987031614,1.1815871977600219,1.1964753070953078,1.1939689277805337,1.1135574059100153,1.204861737203716,0.0,1.3052013257512496,1.3374364700814734,1.0546301520105066,1.192603861608199
中国移动,1.1272040472938318,1.1121383765695965,1.1673591587564949,1.2686165512022216,1.2299367125271319,1.2502809079115613,1.2568325686421367,1.3663273926450024,1.231849324884325,1.3919223474210562,1.3870964741087013,1.3323045867587215,1.3525731324882262,1.297448043621866,1.3437673907148782,1.3947428957448975,1.4453096092337068,1.3848508699562294,1.4060072954433238,1.4115042618930753,1.3036808174934442,1.4358025048390195,1.083772675909948,1.154439836029769,1.3193937256201718,1.312571832231076,1.3840579000725886,1.3052013257512496,0.0,1.2614699511030694,1.2576919279586707,1.3567039227720359
中兴通讯,1.4701830655043662,1.4325057591459438,1.4502295219505805,1.3300835166202714,1.3133128293136591,1.2657177190689137,1.2256491868266386,1.10984317878738,1.185367822074952,1.2423355948573973,1.2720436711195209,1.276029780675113,1.2490469319039006,1.2863724798534402,1.2251977876992728,1.214605865658193,1.1610086563585313,1.2020646397552108,1.215786314835039,1.1867745212357865,1.0023379972830253,1.0745743028446793,1.3396309293546211,1.429326600721058,1.261291593840629,1.2096285540771285,1.1843273626882511,1.3374364700814734,1.2614699511030694,0.0,0.9512512926570923,0.9040342101255283
沪深300指数,1.299218802500548,1.29388683661252,1.3229642745953791,0.9360974997056302,1.0263231175921312,0.8540163824585791,0.7406442390198433,0.7266552677760246,0.8258553801295972,0.9362976336186071,0.9836357905697772,0.8372268896999142,0.7822810796807915,0.888399844718836,0.8209608743542278,0.9931601274139029,0.9683252142902912,0.9393082752241699,0.8130615098939112,0.8871402274907451,0.8547850555453302,0.9756759395583618,1.1575277112824283,1.2556829308800108,1.0276640367016165,0.907132591797253,0.8271069832289496,1.0546301520105066,1.2576919279586707,0.9512512926570923,0.0,0.49737182212210024
中证500指数,1.465993809980959,1.4465990952114531,1.467823235448009,1.1808410189871938,1.230556631583875,1.07943694447832,0.9723657204803835,0.8150019492603134,1.018170334305577,0.981837892652909,1.0477556745169427,1.056938156302842,0.9725310648229579,1.048823929013584,0.9766634600744722,1.0330042850869887,0.9404416565825029,0.9971705412548064,0.9452685396257445,0.9542533660563173,0.8951274235855475,0.9716731704697354,1.2717088861459005,1.3817626037470951,1.1005130159807694,0.9891366755254114,0.8877929074845259,1.192603861608199,1.3567039227720359,0.9040342101255283,0.49737182212210024,0.0
