,工商银行,建设银行,农业银行,招商银行,兴业银行,平安银行,中国平安,中信证券,中国人寿,万科A,保利发展,贵州茅台,五粮液,伊利股份,海天味业,恒瑞医药,药明康德,迈瑞医疗,宁德时代,比亚迪,海康威视,立讯精密,中国石油,中国神华,紫金矿业,三一重工,中国中免,美的集团,中国移动,中兴通讯
工商银行,1.0,0.753593443520569,0.7506933761837903,0.3829031117413685,0.3642539503818409,0.38525026076951363,0.332898935264835,0.34278866880472253,0.34448075325633865,0.1625337555056363,0.22950860485440774,0.08742692500977997,0.06856009780208962,0.12206918925307904,0.041419195404699564,0.030227546315822446,-0.049516474483729984,0.012099488151570215,-0.08863834845551562,-0.01734997653205293,0.033047999657203335,-0.0693382746779413,0.44742400048477543,0.3581656250922029,0.10119627429092408,0.08611427568249767,-0.01699462368389387,0.14082743303558903,0.285771279264871,0.056856823279991475
建设银行,0.753593443520569,1.0,0.7459251242444158,0.3917108474856997,0.38792948286223,0.3659394215927507,0.2902687252881915,0.31652283884997834,0.30766184453974915,0.16938037142688506,0.25269260013650185,0.04818265169577334,0.08550087925508174,0.13604762423424144,0.01968205786155168,0.010902103643336807,-0.0745964966372877,-0.03578941021086555,-0.13469148461889743,-0.05061026570839385,0.06362721779036935,-0.06768111854535268,0.497348763744097,0.41782294429592115,0.09247028616627753,0.08271122701950503,-0.01675904446898555,0.11152274672897172,0.2838771921406761,0.07241959978332126
农业银行,0.7506933761837903,0.7459251242444158,1.0,0.35488758334374515,0.35836950593677447,0.341701819315869,0.31173839519601,0.3156380420728022,0.3140389316902088,0.14941339878030788,0.20296018718985517,0.0780816524987444,0.05238611004225488,0.11154294113003835,0.043301152114568586,-0.017772988338762088,-0.1012415796002787,-0.027199417349459687,-0.11378437865753034,-0.0406416200141731,-0.013576308966532455,-0.09806171395911117,0.48319914009325543,0.3685592750151254,0.1403907913385671,0.07064399436551612,-0.028738741256484943,0.13312337974170618,0.25261999829346304,0.07278796551275278
招商银行,0.3829031117413685,0.3917108474856997,0.35488758334374515,1.0,0.5764698118576607,0.7510133099424622,0.6184111866143941,0.588187573144106,0.4885235088916559,0.5089293043990303,0.4747803803553016,0.4378988672048551,0.47587349811695145,0.4874030282555733,0.37931635913331074,0.15684042191243536,0.21538685429238433,0.16703771099948275,0.27251017272530953,0.28246380166688145,0.2528498691672182,0.10643398666373981,0.34918062372814995,0.30849668088785365,0.28859500186986514,0.47602924105109806,0.41084465166332185,0.39160361774962027,0.13305648129167896,0.11274811684279312
兴业银行,0.3642539503818409,0.38792948286223,0.35836950593677447,0.5764698118576607,1.0,0.5730402334847885,0.461521026456423,0.47422346792229103,0.3696596298970616,0.3968963437298652,0.36767210724962895,0.3173230417743687,0.2844078933289635,0.2913562733991368,0.28313224496722816,0.07402121932770374,0.14737294319930355,0.09934228965315339,0.1821476388469651,0.19811721070652105,0.2258221451806409,0.11538429796956559,0.3413903422048601,0.31075325226658235,0.192473272298491,0.3532839618947503,0.2819492341922742,0.3462943631158359,0.1737654695879548,0.170915080299899
平安银行,0.38525026076951363,0.3659394215927507,0.341701819315869,0.7510133099424622,0.5730402334847885,1.0,0.7042264814032824,0.6052085151962946,0.5732463533718302,0.553398603610162,0.5013476758598094,0.42033256457215784,0.45964305178198694,0.4441266046790066,0.3713721295744053,0.16375005411798013,0.225778481693127,0.2164064875454167,0.2653357857227684,0.2403095563432895,0.23602599641688984,0.07427346765610215,0.3394854317447302,0.31573877534223077,0.30009002886387665,0.5126434896262068,0.4175122567068736,0.4291821255594739,0.17252293335744923,0.12262111281501528
中国平安,0.332898935264835,0.2902687252881915,0.31173839519601,0.6184111866143941,0.461521026456423,0.7042264814032824,1.0,0.6104754555349927,0.7150418390976342,0.4965313236656293,0.4029613963263524,0.4099824004255098,0.4438468174465259,0.4320481919405677,0.3792195923335482,0.18946398948043713,0.2272301584607581,0.18982497906686396,0.2811129000479758,0.3808273135643195,0.30409201733208024,0.10244780575085047,0.3231789858727285,0.28711185127482347,0.3775103892156428,0.47741223681016526,0.3894639314066857,0.4422868120463418,0.24626429443680523,0.18648772993186202
中信证券,0.34278866880472253,0.31652283884997834,0.3156380420728022,0.588187573144106,0.47422346792229103,0.6052085151962946,0.6104754555349927,1.0,0.486291180343336,0.4879524834033205,0.430395419718541,0.3947208214249099,0.399371897932205,0.4272995612536019,0.3841684832996321,0.22564979677582075,0.24447411732124705,0.1557120388189148,0.2955049893050778,0.28958100907939394,0.3022379601842165,0.20546795295355397,0.2944809120077458,0.2139231437030843,0.2571233158531019,0.45422575001591675,0.3942558264630446,0.38127765211152365,0.15379894589186457,0.1874328080770084
中国人寿,0.34448075325633865,0.30766184453974915,0.3140389316902088,0.4885235088916559,0.3696596298970616,0.5732463533718302,0.7150418390976342,0.486291180343336,1.0,0.36408207128833875,0.3269591146118561,0.3126003393805514,0.3029773063664488,0.30143509143473185,0.2850483790808086,0.20770077715003793,0.1513990939890718,0.13725249580474236,0.18543310774580068,0.22051227998931197,0.2732710083917472,0.05685267104720891,0.2541286522837469,0.23357041424483618,0.2547831865362089,0.387480679472904,0.269688808835973,0.3581329219497169,0.2866157871460842,0.2467381030724283
万科A,0.1625337555056363,0.16938037142688506,0.14941339878030788,0.5089293043990303,0.3968963437298652,0.553398603610162,0.4965313236656293,0.4879524834033205,0.36408207128833875,1.0,0.764849597678264,0.3287902664000894,0.36402959458424405,0.33675200264974825,0.3122399154480628,0.10974179512894418,0.21742002537482505,0.1675016564403336,0.29448368604785974,0.2532322304453261,0.23572929494612435,0.09566649320792703,0.10429788654735428,0.1214645024566107,0.1316662426403861,0.4168845028815494,0.4598522909001864,0.415491641726763,0.020584238333928462,0.19075559665004085
保利发展,0.22950860485440774,0.25269260013650185,0.20296018718985517,0.4747803803553016,0.36767210724962895,0.5013476758598094,0.4029613963263524,0.430395419718541,0.3269591146118561,0.764849597678264,1.0,0.2640336336442405,0.300431217662028,0.31799049909162863,0.2522602564757063,0.061008560279192686,0.14279907488256288,0.08109082132129848,0.16948191506837132,0.15620367856301914,0.16956730729484104,0.052771410372392025,0.1216956074607512,0.15326025071727753,0.0940904029322954,0.3140103133802379,0.3248687954729112,0.3355405907445083,0.013617270958842104,0.1276168910809886
贵州茅台,0.08742692500977997,0.04818265169577334,0.0780816524987444,0.4378988672048551,0.3173230417743687,0.42033256457215784,0.4099824004255098,0.3947208214249099,0.3126003393805514,0.3287902664000894,0.2640336336442405,1.0,0.7086032607399839,0.47426258486717277,0.5130455670806408,0.266317746380282,0.2574926389169949,0.27402844598770393,0.42540141842782947,0.33509840750549935,0.23649813575398074,0.17052964804997234,0.09088481405843135,0.10047484882839501,0.22923760804567578,0.3987889572718312,0.532943562653431,0.3719062434471108,0.035813414342717086,0.08728595566500919
五粮液,0.06856009780208962,0.08550087925508174,0.05238611004225488,0.47587349811695145,0.2844078933289635,0.45964305178198694,0.4438468174465259,0.399371897932205,0.3029773063664488,0.36402959458424405,0.300431217662028,0.7086032607399839,1.0,0.4948042146376622,0.5694877299667059,0.245986793488767,0.340197315225478,0.284828134832819,0.4070870836532357,0.3531116345831358,0.2849840700922282,0.20392395692798615,0.07742281309786007,0.09540860420879163,0.313872200057812,0.4868942595736648,0.5768537418649173,0.37242448400217265,0.04037802938956057,0.1050255229621739
伊利股份,0.12206918925307904,0.13604762423424144,0.11154294113003835,0.4874030282555733,0.2913562733991368,0.4441266046790066,0.4320481919405677,0.4272995612536019,0.30143509143473185,0.33675200264974825,0.31799049909162863,0.47426258486717277,0.4948042146376622,1.0,0.5327062615347986,0.29277693685256273,0.3018800762829785,0.2876223850415928,0.3131236240040959,0.2929333060709104,0.23055392405088893,0.24473091284006632,0.1909439301373294,0.17092799386106958,0.22406438948239402,0.34301072575840313,0.43804064596988185,0.3606946609588386,0.09110369561060887,0.09449804575843393
海天味业,0.041419195404699564,0.01968205786155168,0.043301152114568586,0.37931635913331074,0.28313224496722816,0.3713721295744053,0.3792195923335482,0.3841684832996321,0.2850483790808086,0.3122399154480628,0.2522602564757063,0.5130455670806408,0.5694877299667059,0.5327062615347986,1.0,0.23504095142582576,0.3339758591764866,0.26870827578390755,0.3513430427764072,0.3179019157105971,0.31185238655072667,0.21697353375901682,0.07074034519592816,0.040375700640450075,0.19430831073297503,0.4048732906872043,0.5536379351346613,0.33482476621335566,0.07555215559432994,0.17754267470648533
恒瑞医药,0.030227546315822446,0.010902103643336807,-0.017772988338762088,0.15684042191243536,0.07402121932770374,0.16375005411798013,0.18946398948043713,0.22564979677582075,0.20770077715003793,0.10974179512894418,0.061008560279192686,0.266317746380282,0.245986793488767,0.29277693685256273,0.23504095142582576,1.0,0.3930584737686103,0.5363997833458004,0.16425490652726735,0.08461472605058355,0.19819172988737055,0.10103197424343714,0.02002618375815269,-0.003655797404532503,0.059900031348111525,0.16108052921584046,0.23388222437977849,0.2515954804736199,0.021552370468394425,0.14699180871070205
药明康德,-0.049516474483729984,-0.0745964966372877,-0.1012415796002787,0.21538685429238433,0.14737294319930355,0.225778481693127,0.2272301584607581,0.24447411732124705,0.1513990939890718,0.21742002537482505,0.14279907488256288,0.2574926389169949,0.340197315225478,0.3018800762829785,0.3339758591764866,0.3930584737686103,1.0,0.2894332477687653,0.40593210243833955,0.3036698648661819,0.24289006576803987,0.28960063623988375,-0.005602732447494287,-0.02079795694831972,0.14088861876020822,0.2072258036774071,0.4264533728218835,0.1964532830234452,-0.00621850273114114,0.13173224458027463
迈瑞医疗,0.012099488151570215,-0.03578941021086555,-0.027199417349459687,0.16703771099948275,0.09934228965315339,0.2164064875454167,0.18982497906686396,0.1557120388189148,0.13725249580474236,0.1675016564403336,0.08109082132129848,0.27402844598770393,0.284828134832819,0.2876223850415928,0.26870827578390755,0.5363997833458004,0.2894332477687653,1.0,0.17050936634821698,0.052068634409205734,0.08379760656404962,0.08644887237214231,-0.10315026248110787,-0.06741039996671362,0.11779520320946689,0.10913133129555845,0.25324859933018135,0.22362247135603688,0.014123192138929755,0.09876005588801078
宁德时代,-0.08863834845551562,-0.13469148461889743,-0.11378437865753034,0.27251017272530953,0.1821476388469651,0.2653357857227684,0.2811129000479758,0.2955049893050778,0.18543310774580068,0.29448368604785974,0.16948191506837132,0.42540141842782947,0.4070870836532357,0.3131236240040959,0.3513430427764072,0.16425490652726735,0.40593210243833955,0.17050936634821698,1.0,0.547717029649424,0.2166203670482291,0.22214967673066177,-0.07064594795549009,-0.0988627339108571,0.09326591111204884,0.31758205210357887,0.49462919521948506,0.13004226677215142,-0.06661134809914086,0.0857831614839305
比亚迪,-0.01734997653205293,-0.05061026570839385,-0.0406416200141731,0.28246380166688145,0.19811721070652105,0.2403095563432895,0.3808273135643195,0.28958100907939394,0.22051227998931197,0.2532322304453261,0.15620367856301914,0.33509840750549935,0.3531116345831358,0.2929333060709104,0.3179019157105971,0.08461472605058355,0.3036698648661819,0.052068634409205734,0.547717029649424,1.0,0.24358850537234694,0.20930430308506273,0.0552359359876524,0.05062488005390833,0.18000274162123378,0.25620528730077774,0.3888829006620221,0.2568391445383833,-0.008078098484092666,0.07369865051592579
海康威视,0.033047999657203335,0.06362721779036935,-0.013576308966532455,0.2528498691672182,0.2258221451806409,0.23602599641688984,0.30409201733208024,0.3022379601842165,0.2732710083917472,0.23572929494612435,0.16956730729484104,0.23649813575398074,0.2849840700922282,0.23055392405088893,0.31185238655072667,0.19819172988737055,0.24289006576803987,0.08379760656404962,0.2166203670482291,0.24358850537234694,1.0,0.38302237495163727,0.024782500451872212,0.07686686122042784,0.19956246826230714,0.2703328139132681,0.33495503208017946,0.16941440467487606,0.14971642022585388,0.3771081890890364
立讯精密,-0.0693382746779413,-0.06768111854535268,-0.09806171395911117,0.10643398666373981,0.11538429796956559,0.07427346765610215,0.10244780575085047,0.20546795295355397,0.05685267104720891,0.09566649320792703,0.052771410372392025,0.17052964804997234,0.20392395692798615,0.24473091284006632,0.21697353375901682,0.10103197424343714,0.28960063623988375,0.08644887237214231,0.22214967673066177,0.20930430308506273,0.38302237495163727,1.0,0.013705811089417416,-0.022391964960592835,0.1758303124246548,0.18089497906866953,0.14220316894298263,0.14358136122536944,-0.020409582851158244,0.3067258123667889
中国石油,0.44742400048477543,0.497348763744097,0.48319914009325543,0.34918062372814995,0.3413903422048601,0.3394854317447302,0.3231789858727285,0.2944809120077458,0.2541286522837469,0.10429788654735428,0.1216956074607512,0.09088481405843135,0.07742281309786007,0.1909439301373294,0.07074034519592816,0.02002618375815269,-0.005602732447494287,-0.10315026248110787,-0.07064594795549009,0.0552359359876524,0.024782500451872212,0.013705811089417416,1.0,0.4863952954285192,0.3047062580457449,0.16278940792067934,0.052201284714831236,0.2019171537728612,0.3791985817589828,0.08811422274292645
中国神华,0.3581656250922029,0.41782294429592115,0.3685592750151254,0.30849668088785365,0.31075325226658235,0.31573877534223077,0.28711185127482347,0.2139231437030843,0.23357041424483618,0.1214645024566107,0.15326025071727753,0.10047484882839501,0.09540860420879163,0.17092799386106958,0.040375700640450075,-0.003655797404532503,-0.02079795694831972,-0.06741039996671362,-0.0988627339108571,0.05062488005390833,0.07686686122042784,-0.022391964960592835,0.4863952954285192,1.0,0.2914561575974713,0.16335730619948824,0.03899127782255043,0.20666836508961156,0.2285049474955893,-0.00019944251880770915
紫金矿业,0.10119627429092408,0.09247028616627753,0.1403907913385671,0.28859500186986514,0.192473272298491,0.30009002886387665,0.3775103892156428,0.2571233158531019,0.2547831865362089,0.1316662426403861,0.0940904029322954,0.22923760804567578,0.313872200057812,0.22406438948239402,0.19430831073297503,0.059900031348111525,0.14088861876020822,0.11779520320946689,0.09326591111204884,0.18000274162123378,0.19956246826230714,0.1758303124246548,0.3047062580457449,0.2914561575974713,1.0,0.34011917567668015,0.23100732440802704,0.2536166597232073,0.1989901233756746,0.11109364494841188
三一重工,0.08611427568249767,0.08271122701950503,0.07064399436551612,0.47602924105109806,0.3532839618947503,0.5126434896262068,0.47741223681016526,0.45422575001591675,0.387480679472904,0.4168845028815494,0.3140103133802379,0.3987889572718312,0.4868942595736648,0.34301072575840313,0.4048732906872043,0.16108052921584046,0.2072258036774071,0.10913133129555845,0.31758205210357887,0.25620528730077774,0.2703328139132681,0.18089497906866953,0.16278940792067934,0.16335730619948824,0.34011917567668015,1.0,0.4591919858214667,0.42518206019172267,0.14295995685549062,0.18219808260873185
中国中免,-0.01699462368389387,-0.01675904446898555,-0.028738741256484943,0.41084465166332185,0.2819492341922742,0.4175122567068736,0.3894639314066857,0.3942558264630446,0.269688808835973,0.4598522909001864,0.3248687954729112,0.532943562653431,0.5768537418649173,0.43804064596988185,0.5536379351346613,0.23388222437977849,0.4264533728218835,0.25324859933018135,0.49462919521948506,0.3888829006620221,0.33495503208017946,0.14220316894298263,0.052201284714831236,0.03899127782255043,0.23100732440802704,0.4591919858214667,1.0,0.3654738923156151,0.006388248582905162,0.1547930720049904
美的集团,0.14082743303558903,0.11152274672897172,0.13312337974170618,0.39160361774962027,0.3462943631158359,0.4291821255594739,0.4422868120463418,0.38127765211152365,0.3581329219497169,0.415491641726763,0.3355405907445083,0.3719062434471108,0.37242448400217265,0.3606946609588386,0.33482476621335566,0.2515954804736199,0.1964532830234452,0.22362247135603688,0.13004226677215142,0.2568391445383833,0.16941440467487606,0.14358136122536944,0.2019171537728612,0.20666836508961156,0.2536166597232073,0.42518206019172267,0.3654738923156151,1.0,0.10754326976780298,0.09998945524659673
中国移动,0.285771279264871,0.2838771921406761,0.25261999829346304,0.13305648129167896,0.1737654695879548,0.17252293335744923,0.24626429443680523,0.15379894589186457,0.2866157871460842,0.020584238333928462,0.013617270958842104,0.035813414342717086,0.04037802938956057,0.09110369561060887,0.07555215559432994,0.021552370468394425,-0.00621850273114114,0.014123192138929755,-0.06661134809914086,-0.008078098484092666,0.14971642022585388,-0.020409582851158244,0.3791985817589828,0.2285049474955893,0.1989901233756746,0.14295995685549062,0.006388248582905162,0.10754326976780298,1.0,0.35655053760151834
中兴通讯,0.056856823279991475,0.07241959978332126,0.07278796551275278,0.11274811684279312,0.170915080299899,0.12262111281501528,0.18648772993186202,0.1874328080770084,0.2467381030724283,0.19075559665004085,0.1276168910809886,0.08728595566500919,0.1050255229621739,0.09449804575843393,0.17754267470648533,0.14699180871070205,0.13173224458027463,0.09876005588801078,0.0857831614839305,0.07369865051592579,0.3771081890890364,0.3067258123667889,0.08811422274292645,-0.00019944251880770915,0.11109364494841188,0.18219808260873185,0.1547930720049904,0.09998945524659673,0.35655053760151834,1.0
